Flops: 841767758590.266235
Secons: 9.503809
Iops: 416525302624.316467
Seconds: 9.603258
